{"subclusters": ["T1-0_T2-0", "T1-0_T2-1", "T1-0_T2-2", "T1-1_T2-0", "T1-1_T2-1", "T1-1_T2-2", "T1-2_T2-0", "T1-2_T2-1", "T1-2_T2-2", "T1-3_T2-0", "T1-3_T2-1", "T1-3_T2-2", "T1-4_T2-0", "T1-4_T2-1", "T1-4_T2-2", "T1-5_T2-0", "T1-5_T2-1", "T1-5_T2-2", "T1-6_T2-0", "T1-6_T2-1", "T1-6_T2-2", "T1-6_T2-3", "T1-6_T2-4", "T1-7_T2-0", "T1-7_T2-1", "T1-7_T2-2", "T1-8_T2-0", "T1-8_T2-1", "T1-8_T2-2"], "matrix": [[0.9999999999999997, 0.8878379412079038, 0.9221630791557952, 0.820895787487396, 0.8455513405475293, 0.8265812315420705, 0.7672611339088217, 0.747268853808811, 0.8087546321415839, 0.7256210476233322, 0.5278232150414197, 0.7017520221597873, 0.2848421369194633, 0.2299863897699965, 0.281541726693515, 0.7362160789766748, 0.671423263360121, 0.7905095934360107, 0.7881859612876764, 0.871805651326657, 0.8008992167646269, 0.797386725970074, 0.8656930437984445, 0.7179188322518526, 0.4527760546715533, 0.7753114184100014, 0.5787179876519338, 0.4396135800686862, 0.664147151593366], [0.8878379412079038, 0.9999999999999996, 0.9391881529525925, 0.8571178131710455, 0.8081183262780999, 0.8054770965802359, 0.6648846433174573, 0.6697749293810301, 0.7371299004489342, 0.7920630598575412, 0.6088696556937755, 0.694884420438488, 0.32854506597788535, 0.25428919018507523, 0.3266661319112674, 0.7531688901747379, 0.6852011154826834, 0.8319466345935538, 0.8584410882648553, 0.7884313656751386, 0.8190950678851429, 0.790537831176888, 0.8352497238135367, 0.7993242362318977, 0.49155732444034844, 0.8128263181769454, 0.7654438989382487, 0.588156864273371, 0.8025838627055902], [0.9221630791557952, 0.9391881529525925, 0.9999999999999999, 0.8593524697252944, 0.794525476286598, 0.832118223933571, 0.6299627643235539, 0.6315005732674182, 0.6952341051352862, 0.6980264168343029, 0.5005112832121558, 0.6318410088513234, 0.3069022291146769, 0.24017115020703658, 0.3045543739446529, 0.708644555053869, 0.6479468877089096, 0.7726474226689545, 0.8799166418151527, 0.8380423760752187, 0.8775472506548718, 0.8526422862146078, 0.8906673373775931, 0.7167630660250542, 0.45070900130390246, 0.7657811752804415, 0.6301180597849867, 0.46172569265136215, 0.6881770874187896], [0.820895787487396, 0.8571178131710455, 0.8593524697252944, 0.9999999999999991, 0.8512857772630648, 0.9147042850574653, 0.6171958026402219, 0.6048447530777149, 0.6711430021226987, 0.6492873465847502, 0.506230345893423, 0.6165073777286384, 0.35865309382242144, 0.2878664106890439, 0.35507797563360444, 0.675584008843307, 0.6286191813515358, 0.7739863661677183, 0.8253877994817974, 0.8002692693871514, 0.8889218112024083, 0.8583836656210568, 0.7832446802666283, 0.7898862904545104, 0.543272429248198, 0.8368165879710081, 0.6027762101657189, 0.4527436754540219, 0.6496969322482959], [0.8455513405475293, 0.8081183262780999, 0.794525476286598, 0.8512857772630648, 1.0000000000000007, 0.9016213191866838, 0.7298920982264918, 0.6504593275622266, 0.7418927824855954, 0.7010178694956591, 0.5706003109567878, 0.7572183029056085, 0.3204176374981288, 0.23755694337101563, 0.31561108428897894, 0.6807106826219117, 0.6423482693527647, 0.7727515879076827, 0.755009825854623, 0.8116787558933318, 0.7209671350027831, 0.7653062097421492, 0.7979572734153755, 0.6780095369203494, 0.5048119132009556, 0.7898468741425423, 0.5982410540527622, 0.46709175673005987, 0.639779541952977], [0.8265812315420705, 0.8054770965802359, 0.832118223933571, 0.9147042850574653, 0.9016213191866838, 0.9999999999999999, 0.6340381455085803, 0.5822880295610361, 0.6787331163097147, 0.6256329771551262, 0.4531950075151654, 0.6254911951069927, 0.32144426635451817, 0.21254887435127365, 0.31859302970485853, 0.650521034996489, 0.6170723834571283, 0.7348865007674623, 0.8348321007433936, 0.8690771851071882, 0.8472893034929952, 0.8997172397742278, 0.8595153290214418, 0.6999118478075443, 0.4618649870820997, 0.7929146031029463, 0.542751402244914, 0.4030383492804871, 0.5990100657357736], [0.7672611339088217, 0.6648846433174573, 0.6299627643235539, 0.6171958026402219, 0.7298920982264918, 0.6340381455085803, 1.0000000000000007, 0.8602406261434149, 0.897008341096519, 0.7577225637867473, 0.6827781830630427, 0.7977063612068513, 0.24264524777763502, 0.2069987675780738, 0.23569908854986243, 0.7030616997317238, 0.6589822687025462, 0.7628361088078015, 0.5653449130639724, 0.7067071640294439, 0.5167660739078842, 0.5373217170360586, 0.619087041847607, 0.7085046813708944, 0.4951138899981188, 0.7741310632048389, 0.6287327174516456, 0.552004790732139, 0.6990271813605566], [0.747268853808811, 0.6697749293810301, 0.6315005732674182, 0.6048447530777149, 0.6504593275622266, 0.5822880295610361, 0.8602406261434149, 1.0000000000000004, 0.8974105390223008, 0.7362483839799864, 0.6367752301648351, 0.7476146595111246, 0.25863615664193496, 0.23461432767514812, 0.2541685477929152, 0.7077278886995109, 0.6386988168961683, 0.741623521281909, 0.5455005153719511, 0.6557437756981804, 0.5343779941546271, 0.522119697995449, 0.5905154057332995, 0.7287049283466667, 0.45185005719423016, 0.7660508249501212, 0.6029945489162936, 0.5216627206473807, 0.6931309407768055], [0.8087546321415839, 0.7371299004489342, 0.6952341051352862, 0.6711430021226987, 0.7418927824855954, 0.6787331163097147, 0.897008341096519, 0.8974105390223008, 0.9999999999999988, 0.8392627938787777, 0.7404554509289598, 0.8419646141831891, 0.23962669672093526, 0.20987946536514, 0.23557863734556284, 0.7484998832338615, 0.6774431871634183, 0.8080857351447688, 0.630470947444489, 0.7403672929216899, 0.5839016381721164, 0.6073659604447204, 0.6822054466256532, 0.7585561714736444, 0.5256905978251987, 0.8259926097111439, 0.6877846506575995, 0.6215221494089961, 0.753284369618616], [0.7256210476233322, 0.7920630598575412, 0.6980264168343029, 0.6492873465847502, 0.7010178694956591, 0.6256329771551262, 0.7577225637867473, 0.7362483839799864, 0.8392627938787777, 1.0000000000000007, 0.8617731095746225, 0.8612293329580265, 0.244557482613459, 0.21629658225526557, 0.24210516522604722, 0.6739406873316152, 0.6087342705562553, 0.7631923798243517, 0.6282041576979698, 0.6489815288073972, 0.5673795110949804, 0.571277049998216, 0.6623434516440586, 0.8037744486871856, 0.5072710317524919, 0.7984340173609743, 0.8341225831895972, 0.7449630222534623, 0.7843466959636536], [0.5278232150414197, 0.6088696556937755, 0.5005112832121558, 0.506230345893423, 0.5706003109567878, 0.4531950075151654, 0.6827781830630427, 0.6367752301648351, 0.7404554509289598, 0.8617731095746225, 0.9999999999999994, 0.7953095902631597, 0.2274359400004042, 0.23071115264486353, 0.22006734509280831, 0.5672253954769041, 0.5534005835992517, 0.645391059884841, 0.46227117175428895, 0.46164494900059955, 0.39049434777515774, 0.3851862124982833, 0.44388562761626565, 0.674818625171126, 0.4964152029239117, 0.681388941756174, 0.7911956397299794, 0.8180970344431939, 0.6927236863208175], [0.7017520221597873, 0.694884420438488, 0.6318410088513234, 0.6165073777286384, 0.7572183029056085, 0.6254911951069927, 0.7977063612068513, 0.7476146595111246, 0.8419646141831891, 0.8612293329580265, 0.7953095902631597, 1.0000000000000004, 0.22236670457386581, 0.2011871309103667, 0.21593781053607122, 0.5990070966098613, 0.5554344388860518, 0.6852569298513361, 0.5380871265245106, 0.6044838879020994, 0.49266271347354007, 0.5134884601125262, 0.6033144222879562, 0.7312788258911543, 0.5250747893976584, 0.7959110949905011, 0.6876174507534183, 0.6494338400742273, 0.6937275335666025], [0.2848421369194633, 0.32854506597788535, 0.3069022291146769, 0.35865309382242144, 0.3204176374981288, 0.32144426635451817, 0.24264524777763502, 0.25863615664193496, 0.23962669672093526, 0.244557482613459, 0.2274359400004042, 0.22236670457386581, 1.0000000000000002, 0.4701829096300378, 0.9933796562597172, 0.35375789220462034, 0.35967766118957406, 0.37512762436596153, 0.3585794238802374, 0.3193630501404447, 0.331109747941585, 0.31652100643298303, 0.30679053404591083, 0.26832471376145706, 0.16953259443170826, 0.2746929700261331, 0.26546011781976475, 0.18989541703274126, 0.24906128620035814], [0.2299863897699965, 0.25428919018507523, 0.24017115020703658, 0.2878664106890439, 0.23755694337101563, 0.21254887435127365, 0.2069987675780738, 0.23461432767514812, 0.20987946536514, 0.21629658225526557, 0.23071115264486353, 0.2011871309103667, 0.4701829096300378, 1.0000000000000007, 0.45131565259409206, 0.26070556944550494, 0.2644240631348141, 0.29965489012983937, 0.25512282959236543, 0.2304223834369787, 0.2518884486695378, 0.20329327923375223, 0.20534156714029467, 0.21865462927673313, 0.1579111506369498, 0.254036657884018, 0.21682795499157625, 0.19175806165812542, 0.21470273846232105], [0.281541726693515, 0.3266661319112674, 0.3045543739446529, 0.35507797563360444, 0.31561108428897894, 0.31859302970485853, 0.23569908854986243, 0.2541685477929152, 0.23557863734556284, 0.24210516522604722, 0.22006734509280831, 0.21593781053607122, 0.9933796562597172, 0.45131565259409206, 0.9999999999999997, 0.3531606670977578, 0.3589630744395693, 0.37401203512225834, 0.358581279718012, 0.31794922793157676, 0.3275252124741188, 0.3143647289291033, 0.3031784460036482, 0.26482520006305643, 0.16170761424005362, 0.2701876305383338, 0.26393804612861427, 0.18592377313434022, 0.2479943704992791], [0.7362160789766748, 0.7531688901747379, 0.708644555053869, 0.675584008843307, 0.6807106826219117, 0.650521034996489, 0.7030616997317238, 0.7077278886995109, 0.7484998832338615, 0.6739406873316152, 0.5672253954769041, 0.5990070966098613, 0.35375789220462034, 0.26070556944550494, 0.3531606670977578, 0.9999999999999992, 0.8450292837531916, 0.8721629926518966, 0.6960174814456627, 0.7204737663111059, 0.6223701753738559, 0.621727467801281, 0.6741174274320676, 0.6429209109674869, 0.43091892130006054, 0.6693788882923288, 0.6183989730842891, 0.5320916248009981, 0.6819129872407187], [0.671423263360121, 0.6852011154826834, 0.6479468877089096, 0.6286191813515358, 0.6423482693527647, 0.6170723834571283, 0.6589822687025462, 0.6386988168961683, 0.6774431871634183, 0.6087342705562553, 0.5534005835992517, 0.5554344388860518, 0.35967766118957406, 0.2644240631348141, 0.3589630744395693, 0.8450292837531916, 1.0, 0.8576480636222866, 0.662751757422356, 0.6843427548945422, 0.5659252686895354, 0.5645624902482118, 0.6229350715520021, 0.569551444146621, 0.3647806325842703, 0.6029334342781562, 0.5794693663164653, 0.4995447468556772, 0.622123907462672], [0.7905095934360107, 0.8319466345935538, 0.7726474226689545, 0.7739863661677183, 0.7727515879076827, 0.7348865007674623, 0.7628361088078015, 0.741623521281909, 0.8080857351447688, 0.7631923798243517, 0.645391059884841, 0.6852569298513361, 0.37512762436596153, 0.29965489012983937, 0.37401203512225834, 0.8721629926518966, 0.8576480636222866, 0.9999999999999991, 0.7705414257258053, 0.7774411296801944, 0.6729130421089189, 0.6698567893451955, 0.7327927805570704, 0.7268819210554504, 0.4662582962392777, 0.7814461307206746, 0.7306458109427773, 0.6002826021741574, 0.7997747974128742], [0.7881859612876764, 0.8584410882648553, 0.8799166418151527, 0.8253877994817974, 0.755009825854623, 0.8348321007433936, 0.5653449130639724, 0.5455005153719511, 0.630470947444489, 0.6282041576979698, 0.46227117175428895, 0.5380871265245106, 0.3585794238802374, 0.25512282959236543, 0.358581279718012, 0.6960174814456627, 0.662751757422356, 0.7705414257258053, 1.0000000000000002, 0.8780081991043666, 0.8635341516961174, 0.9159374065212285, 0.91763662461992, 0.6556958087904216, 0.3914997116259948, 0.6909326931173083, 0.6281939254384399, 0.46306914193060256, 0.6727895959705602], [0.871805651326657, 0.7884313656751386, 0.8380423760752187, 0.8002692693871514, 0.8116787558933318, 0.8690771851071882, 0.7067071640294439, 0.6557437756981804, 0.7403672929216899, 0.6489815288073972, 0.46164494900059955, 0.6044838879020994, 0.3193630501404447, 0.2304223834369787, 0.31794922793157676, 0.7204737663111059, 0.6843427548945422, 0.7774411296801944, 0.8780081991043666, 0.9999999999999989, 0.8166285956769876, 0.8936631201811519, 0.9232559719033215, 0.642493780225865, 0.38561123186056667, 0.7228846486104847, 0.5336769761178808, 0.4106534575927144, 0.6019188463493799], [0.8008992167646269, 0.8190950678851429, 0.8775472506548718, 0.8889218112024083, 0.7209671350027831, 0.8472893034929952, 0.5167660739078842, 0.5343779941546271, 0.5839016381721164, 0.5673795110949804, 0.39049434777515774, 0.49266271347354007, 0.331109747941585, 0.2518884486695378, 0.3275252124741188, 0.6223701753738559, 0.5659252686895354, 0.6729130421089189, 0.8635341516961174, 0.8166285956769876, 0.9999999999999994, 0.9034302600126616, 0.8405285412094774, 0.71194205709416, 0.4201016453850592, 0.6902865485526302, 0.5044246269131445, 0.37142053735141456, 0.5540451814394322], [0.797386725970074, 0.790537831176888, 0.8526422862146078, 0.8583836656210568, 0.7653062097421492, 0.8997172397742278, 0.5373217170360586, 0.522119697995449, 0.6073659604447204, 0.571277049998216, 0.3851862124982833, 0.5134884601125262, 0.31652100643298303, 0.20329327923375223, 0.3143647289291033, 0.621727467801281, 0.5645624902482118, 0.6698567893451955, 0.9159374065212285, 0.8936631201811519, 0.9034302600126616, 1.0000000000000007, 0.9176544354126592, 0.6578488016496208, 0.39188221523202244, 0.7009895313308468, 0.4975717189067094, 0.34992017702747563, 0.5416960002826784], [0.8656930437984445, 0.8352497238135367, 0.8906673373775931, 0.7832446802666283, 0.7979572734153755, 0.8595153290214418, 0.619087041847607, 0.5905154057332995, 0.6822054466256532, 0.6623434516440586, 0.44388562761626565, 0.6033144222879562, 0.30679053404591083, 0.20534156714029467, 0.3031784460036482, 0.6741174274320676, 0.6229350715520021, 0.7327927805570704, 0.91763662461992, 0.9232559719033215, 0.8405285412094774, 0.9176544354126592, 1.0000000000000004, 0.6215547617545748, 0.3423938983111926, 0.6742295905499728, 0.5430329452566953, 0.40382992155728703, 0.6016923793158521], [0.7179188322518526, 0.7993242362318977, 0.7167630660250542, 0.7898862904545104, 0.6780095369203494, 0.6999118478075443, 0.7085046813708944, 0.7287049283466667, 0.7585561714736444, 0.8037744486871856, 0.674818625171126, 0.7312788258911543, 0.26832471376145706, 0.21865462927673313, 0.26482520006305643, 0.6429209109674869, 0.569551444146621, 0.7268819210554504, 0.6556958087904216, 0.642493780225865, 0.71194205709416, 0.6578488016496208, 0.6215547617545748, 0.9999999999999998, 0.6220878983501399, 0.8907307905802713, 0.7570673353475411, 0.6009327859435097, 0.7845463102792001], [0.4527760546715533, 0.49155732444034844, 0.45070900130390246, 0.543272429248198, 0.5048119132009556, 0.4618649870820997, 0.4951138899981188, 0.45185005719423016, 0.5256905978251987, 0.5072710317524919, 0.4964152029239117, 0.5250747893976584, 0.16953259443170826, 0.1579111506369498, 0.16170761424005362, 0.43091892130006054, 0.3647806325842703, 0.4662582962392777, 0.3914997116259948, 0.38561123186056667, 0.4201016453850592, 0.39188221523202244, 0.3423938983111926, 0.6220878983501399, 1.0000000000000004, 0.6706717723958688, 0.5384696328735467, 0.4185621792447666, 0.527577475940476], [0.7753114184100014, 0.8128263181769454, 0.7657811752804415, 0.8368165879710081, 0.7898468741425423, 0.7929146031029463, 0.7741310632048389, 0.7660508249501212, 0.8259926097111439, 0.7984340173609743, 0.681388941756174, 0.7959110949905011, 0.2746929700261331, 0.254036657884018, 0.2701876305383338, 0.6693788882923288, 0.6029334342781562, 0.7814461307206746, 0.6909326931173083, 0.7228846486104847, 0.6902865485526302, 0.7009895313308468, 0.6742295905499728, 0.8907307905802713, 0.6706717723958688, 0.9999999999999997, 0.7696461498001685, 0.6161582649720792, 0.8215489241243772], [0.5787179876519338, 0.7654438989382487, 0.6301180597849867, 0.6027762101657189, 0.5982410540527622, 0.542751402244914, 0.6287327174516456, 0.6029945489162936, 0.6877846506575995, 0.8341225831895972, 0.7911956397299794, 0.6876174507534183, 0.26546011781976475, 0.21682795499157625, 0.26393804612861427, 0.6183989730842891, 0.5794693663164653, 0.7306458109427773, 0.6281939254384399, 0.5336769761178808, 0.5044246269131445, 0.4975717189067094, 0.5430329452566953, 0.7570673353475411, 0.5384696328735467, 0.7696461498001685, 0.9999999999999998, 0.8013548832649878, 0.8883496788532322], [0.4396135800686862, 0.588156864273371, 0.46172569265136215, 0.4527436754540219, 0.46709175673005987, 0.4030383492804871, 0.552004790732139, 0.5216627206473807, 0.6215221494089961, 0.7449630222534623, 0.8180970344431939, 0.6494338400742273, 0.18989541703274126, 0.19175806165812542, 0.18592377313434022, 0.5320916248009981, 0.4995447468556772, 0.6002826021741574, 0.46306914193060256, 0.4106534575927144, 0.37142053735141456, 0.34992017702747563, 0.40382992155728703, 0.6009327859435097, 0.4185621792447666, 0.6161582649720792, 0.8013548832649878, 1.0000000000000002, 0.7811834311253063], [0.664147151593366, 0.8025838627055902, 0.6881770874187896, 0.6496969322482959, 0.639779541952977, 0.5990100657357736, 0.6990271813605566, 0.6931309407768055, 0.753284369618616, 0.7843466959636536, 0.6927236863208175, 0.6937275335666025, 0.24906128620035814, 0.21470273846232105, 0.2479943704992791, 0.6819129872407187, 0.622123907462672, 0.7997747974128742, 0.6727895959705602, 0.6019188463493799, 0.5540451814394322, 0.5416960002826784, 0.6016923793158521, 0.7845463102792001, 0.527577475940476, 0.8215489241243772, 0.8883496788532322, 0.7811834311253063, 0.9999999999999998]]}